Latitude: 42.33723835878146
Longitude: -83.05092438120533
                    
Headings: [345, 15, 405, 75, 105]
                    
Address: N/A
Label: 0